05151664563
05852792363
05418733898
05467171816
05243325464
05568796468
05435242756
05714337336
05762917754
05181621224
05166437537
05369635693
05147544313
05392477189
05531936696
05836139574
05892998143
05621343336
05883363865
05781879747
05321579513
05615991996
05279627482
05455887612
05542573969
05738143974
05422435681
05148382238
05292844445
05631849772
05927921826
05746653726
05959499473
05328229818
05861244776
05945311259
05164275986
05655411432
05578971491
05293199416
05772336757
05667794688
05496425792
05423787818
05381946485
05741478999
05448557525
05376892863
05291553587
05176987632
05361668247
05394311355
05583189467
05298194257
05961469789
05893121428
05164651231
05345912955
05694371562
05594277339
05422446834
05998558683
05638765873
05393235268
05559828744
05399339285
05669679989
05274926817
05552878579
05487731687
05354161443
05991445399
05246185555
05581326692
05433623656
05886779455
05697846845
05494446675
05827593877
05782328791
05374792815
05469631271
05435273172
05751775132
05212436468
05273295482
05489554398
05611729742
05377183382
05729665511
05627577527
05281385883
05188931894
05322183839
05359977976
05232511193
05172284489
05649672566
05944354575
05584569587
05623577212
05335918132
05456872138
05974615859
05348468936
05519632189
05289974114
05376399823
05414134774
05873588464
05564698298
05857285387
05654121167
05883216473
05262736443
05848692773
05676342353
05887283155
05596757587
05662629143
05265222839
05924261636
05354797938
05639653145
05235896312
05162475642
05334985849
05233623812
05513416431
05685785874
05345955187
05347367315
05627773229
05694737122
05597232837
05355814371
05482339692
05291151841
05731235713
05121936838
05786693585
05369319122
05561759542
05294779137
05455678578
05277224278
05829916163
05944458826
05641268957
05164644312
05815979324
05873227331
05125598959
05179967554
05453511832
05332312551
05326923898
05341455796
05556478596
05621721119
05368982736
05374698236
05753123864
05865861637
05617912361
05951595594
05779943499
05259689389
05485277296
05753898862
05871593552
05467495623
05232774162
05827795732
05774819529
05868178924
05497378725
05287142521
05259835619
05392611316
05885372885
05916728718
05946964822
05623998535
05681151431
05398882558
05837999988
05738384169
05912918784
05619282961
05657239136
05232122989
05738298885
05978811531
05213524533
05499452948
05727912563
05685613734
05174124936
05229761448
05485643811
05852258637
05737328283
05916544976
05134818721
05453195626
05413473934
05491973341
05812845134
05684992247
05239546314
05517587562
05774819978
05979661524
05143273899
05425369457
05323817863
05882974981
05177987213
05945667627
05394452538
05895692287
05817191634
05173771113
05165623162
05971658135
05865962349
05327593863
05168265997
05519984389
05411111859
05835819635
05892352328
05444162242
05296187447
05389567692
05693215518
05622712197
05731558273
05839766876
05396156296
05185757679
05296457133
05618217611
05297785151
05585514827
05539667267
05825634492
05675431971
05131761626
05112783233
05443397749
05814617683
05622132297
05397531558
05319269699
05147197979
05896595145
05178898782
05428492899
05586265892
05194671447
05983835644
05822757364
05641537884
05827384666
05829978123
05857988931
05428777315
05648928815
05497779245
05917146612
05419663554
05312551995
05816196677
05246156913
05255354588
05375645242
05897591893
05593586928
05346844395
05528576295
05982238457
05746657211
05341769416
05723281191
05925687922
05629643499
05319879967
05965854389
05972833874
05813541595
05281665847
05266241194
05358448589
05519195861
05342148459
05458552385
05931869566
05822854135
05667392834
05959241316
05959531593
05675111738
05611783697
05495987621
05567792192
05142692469
05797246613
05354197766
05645758885
05838595288
05847142451
05194468811
05496678495
05823594278
05111187223
05772581245
05774135172
05568166842
05541617743
05556793194
05411337911
05585518566
05119354924
05911328241
05638664115
05658359264
05436524535
05426279833
05223675398
05294536875
05927436133
05714925969
05487276398
05863254675
05375525684
05157883589
05119675887
05924448877
05135529996
05344222876
05352144267
05122715134
05723344465
05442954935
05348721978
05271542756
05889321495
05585987858
05625439454
05396874594
05611836434
05188628938
05864961538
05775134896
05436714363
05135928115
05147614985
05364894564
05687971449
05347721261
05558752831
05256323889
05621524263
05176838573
05666778189
05365927968
05155239799
05647873247
05135738339
05793316598
05565498166
05177659113
05933672999
05358873419
05295571335
05925985242
05412134791
05938827273
05275446742
05256264355
05424216967
05572766211
05674766171
05375716124
05497843818
05496231317
05782719977
05357466139
05317926347
05247813774
05668262895
05417115575
05118522973
05327462977
05837445845
05281661229
05114313848
05925495118
05572887822
05631338449
05621582799
05317132189
05568691422
05355924949
05918616399
05395222881
05893925214
05587476116
05615332834
05919788761
05378436241
05541112434
05316676353
05298925765
05259291378
05282529255
05587776568
05812124721
05827634575
05369795442
05977556455
05736785347
05473896565
05899966528
05851311758
05251987946
05572858524
05843628456
05521314192
05764328273
05922296437
05962511422
05598475774
05571542758
05171764795
05514653367
05545862895
05748345388
05637885927
05144785941
05899261964
05281933581
05783564811
05314164877
05844139112
05338494449
05799797914
05368941143
05141273983
05194962721
05488712476
05487462556
05732731934
05193831588
05694919745
05669922185
05855934324
05149776176
05921274145
05122396789
05888992968
05543214928
05392693799
05368944721
05614337527
05786596553
05593596198
05469337639
05279627356
05698647667
05366189719
05462357928
05723179914
05679394672
05442355351
05952523827
05717852651
05925156951
05456441399
05351929582
05646535717
05493237559
05576211179
05997141463
05933642843
05487324832
05639596379
05325416467
05431449141
05293454193
05691412829
05253965998
05872691713
05113349179
05941854249
05447194961
05811111115
05129783858
05269871551
05754732812
05699898867
05822435492
05227989149
05299358125
05899558499
05818829326
05229846741
05429616552
05291158819
05538128799
05351263123
05755862667
05227868759
05527232247
05426681946
05179581375
05849561271
05164516242
05934641389
05284665521
05315421568
05153155486
05413121475
05896636865
05719594578
05884425614
05529988548
05814473399
05654332661
05811151948
05562449556
05576221523
05656726528
05582317329
05254699291
05949982553
05972737738
05459152512
05491262859
05972149299
05969573287
05435342337
05219276178
05797463419
05625137558
05451178966
05363149755
05783725225
05741375452
05927552635
05517876125
05327888884
05328398943
05175313188
05489821396
05255354873
05655639249
05247954935
05762254478
05554698151
05744765259
05521794888
05923865224
05797571726
05232963739
05197686863
05352592256
05225615571
05544543991
05655667717
05622911461
05918769182
05171214469
05129578656
05481551134
05719825915
05329921855
05619956971
05851229918
05478677568
05341872544
05148921712
05699416971
05696317362
05216329818
05858828736
05231261888
05394514843
05791586167
05639349346
05122841962
05443482517
05123554275
05288567659
05745657693
05722321345
05631948764
05316278411
05867218137
05161594585
05149369654
05284359947
05641344263
05399593496
05368454778
05452213916
05321329976
05914527152
05519322339
05599999718
05695994325
05937275877
05779617396
05966894163
05492664278
05634398138
05545138587
05674881756
05942592819
05782533834
05652286545
05327811757
05927885717
05188431349
05963282842
05825586162
05319818428
05252127233
05316367713
05388229177
05619424513
05925225821
05388685294
05111661519
05659858148
05529358884
05394684647
05467221873
05776396221
05798915363
05416122631
05627664981
05572539129
05643853355
05485526972
05277295257
05136769932
05156563784
05469376165
05377958522
05294396621
05886192936
05333539325
05844933239
05568555934
05124744986
05685848328
05331177819
05192571824
05319856439
05931641646
05196713639
05612719574
05185757611
05672252539
05762539478
05325521775
05236181285
05115782812
05648241489
05454856453
05261551926
05886727632
05467173557
05179183137
05917363744
05474319184
05138523429
05612279894
05147284582
05289581132
05461311225
05993376962
05111998847
05647554674
05473962266
05532739798
05352923766
05891947211
05196448518
05457983852
05127475568
05256355686
05515129617
05883772419
05653258751
05917637129
05777556521
05631394488
05961731462
05943829342
05881821737
05866632692
05448332583
05216372334
05274859419
05348569389
05445554168
05361478763
05472313858
05655588831
05224948755
05328436356
05518263698
05272963234
05976415147
05669989794
05733547421
05633729137
05538282151
05897261222
05851893842
05555397894
05178858542
05353316383
05446591728
05597672255
05718912239
05546779298
05977795232
05447625215
05396139694
05581485152
05554568227
05635842444
05192229357
05541765118
05629159543
05754841753
05557218975
05253923827
05658892375
05139373863
05667879971
05231685552
05458851585
05542797262
05256969795
05927152915
05761314461
05854948622
05382583386
05256619431
05744696981
05622747675
05794386836
05866629776
05345194956
05713259377
05947522273
05827541738
05823481416
05311894333
05447698143
05985774713
05531851918
05141472121
05923911275
05524776558
05629431467
05546338528
05414863219
05563492134
05147562262
05724332417
05718432661
05861942795
05681759872
05121568191
05267921715
05652819962
05646627671
05471276847
05725251141
05916868429
05954969986
05347716322
05395165548
05388951247
05123446127
05746846142
05384889664
05575956288
05789231614
05285112497
05133477962
05357136728
05577865274
05383995111
05774719489
05761416172
05366663639
05239987335
05961826755
05339453828
05151964639
05162335426
05781913626
05895679544
05686589493
05634379177
05238796933
05875213658
05367539635
05532942881
05272246637
05889526246
05918438311
05488374287
05739486437
05758126859
05659485389
05497179786
05328761462
05924668595
05793633217
05885485348
05173164437
05157516767
05757245754
05955762767
05277873323
05776442163
05417571926
05199586364
05375349854
05757785332
05321699537
05852956579
05234586955
05455375412
05134826711
05337958176
05671886221
05439532981
05532452124
05692246124
05413245196
05364317249
05239588682
05982299414
05721326444
05848658394
05149117926
05865916917
05348719344
05162243223
05685178548
05828349117
05131214138
05329478653
05494275797
05487268958
05468969695
05259269654
05822547353
05827653327
05286499425
05151239163
05785947599
05592227636
05565747541
05546722315
05732682791
05451875158
05892626995
05893166224
05171886941
05455213264
05551937933
05523817785
05377112412
05625747617
05399658618
05377772483
05323252693
05353989622
05371875343
05568767769
05628832897
05748943929
05451494948
05484343923
05191744335
05394928735
05236764177
05166443487
05517917398
05948231895
05979583126
05434172542
05248719633
05482657395
05514146223
05364267718
05768986821
05551798189
05691614997
05778324189
05442496243
05751611458
05827584383
05581225342
05635919968
05713564381
05426743754
05965196684
05367117141
05369178649
05894187377
05613938727
05221324921
05763629725
05339989263
05834523325
05614459482
05141661359
05345525646
05868196522
05257361296
05221823364
05596982789
05111935738
05745265946
05251679265
05112922982
05355818222
05414936763
05557737836
05895999267
05878917177
05631775447
05817565934
05659434992
05619142186
05597185531
05924276816
05385243157
05933383161
05513484598
05177675896
05278652877
05153181128
05247143579
05756344998
05883588576
05377291672
05826668983
05159637954
05798333722
05576445971
05567579533
05997365867
05218153766
05953887532
05272472975
05462152655
05891374552
05974189134
05228632536
05762948965
05199264453
05153462994
05256799683
05357764559
05884186392
05499584131
05996121566
05819597774
05311327275
05358335814
05659111937
05494712634
05328623423
05693935833
05696343783
05843974733
05844891984
05444714135
05373467632
05814165544
05539651891
05292698632
05395453558
05979113945
05124831969
05633539774
05996594592
